0.000000000000000000
-0.000002997657576790
-0.000032270637624758
-0.000109196906789435
-0.000229146304062663
-0.000348429883709536
-0.000382340622756462
-0.000220615274892769
0.000236695724375715
0.001026777216200687
0.002067851533207648
0.003120191228069858
0.003788488498053564
0.003584529680295457
0.002054436614102493
-0.001046994209172248
-0.005575114535046163
-0.010863455454153802
-0.015698258281229810
-0.018439427364896319
-0.017293417989963655
-0.010699840337940400
0.002247271459292921
0.021447235827590182
0.045611703314881916
0.072326118112456927
0.098370331720248047
0.120250086520838281
0.134833445023436971
0.139952685973528335
0.134833445023436999
0.120250086520838281
0.098370331720248047
0.072326118112456914
0.045611703314881909
0.021447235827590193
0.002247271459292922
-0.010699840337940400
-0.017293417989963658
-0.018439427364896333
-0.015698258281229820
-0.010863455454153809
-0.005575114535046163
-0.001046994209172249
0.002054436614102496
0.003584529680295458
0.003788488498053569
0.003120191228069862
0.002067851533207647
0.001026777216200687
0.000236695724375715
-0.000220615274892769
-0.000382340622756461
-0.000348429883709536
-0.000229146304062663
-0.000109196906789435
-0.000032270637624758
-0.000002997657576790
0.000000000000000000