0
7967
15935
23903
31871
39839
47807
55774
63742
71709
79676
87643
95610
103576
111542
119508
127474
135440
143405
151369
159334
167298
175261
183225
191187
199150
207112
215073
223034
230994
238954
246913
254872
262830
270787
278744
286700
294656
302611
310565
318518
326471
334422
342373
350324
358273
366222
374169
382116
390062
398007
405951
413894
421836
429778
437718
445657
453595
461532
469468
477403
485336
493269
501200
509130
517059
524987
532914
540839
548763
556686
564607
572527
580446
588363
596279
604194
612107
620019
627929
635838
643745
651651
659555
667458
675359
683258
691156
699053
706947
714840
722732
730621
738509
746395
754280
762162
770043
777922
785799
793675
801548
809420
817289
825157
833023
840887
848749
856608
864466
872322
880176
888028
895877
903725
911570
919413
927254
935093
942930
950764
958597
966427
974254
982080
989903
997723
1005542
1013358
1021172
1028983
1036792
1044598
1052402
1060204
1068002
1075799
1083593
1091384
1099173
1106959
1114743
1122524
1130302
1138078
1145851
1153621
1161389
1169154
1176916
1184675
1192432
1200186
1207936
1215685
1223430
1231172
1238912
1246648
1254382
1262112
1269840
1277565
1285286
1293005
1300721
1308433
1316143
1323849
1331552
1339253
1346950
1354643
1362334
1370021
1377706
1385387
1393064
1400739
1408410
1416078
1423742
1431403
1439061
1446715
1454366
1462014
1469658
1477299
1484936
1492570
1500200
1507826
1515449
1523069
1530685
1538297
1545906
1553511
1561112
1568710
1576304
1583895
1591481
1599064
1606643
1614219
1621790
1629358
1636922
1644482
1652038
1659590
1667139
1674683
1682224
1689760
1697293
1704821
1712346
1719866
1727383
1734895
1742404
1749908
1757408
1764904
1772396
1779883
1787367
1794846
1802321
1809792
1817259
1824721
1832179
1839633
1847082
1854527
1861967
1869404
1876836
1884263
1891686
1899105
1906519
1913928
1921333
1928734
1936130
1943521
1950908
1958291
1965668
1973041
1980410
1987774
1995133
2002487
2009837
2017182
2024522
2031857
2039188
2046514
2053835
2061151
2068463
2075769
2083071
2090367
2097659
2104946
2112228
2119505
2126777
2134044
2141306
2148563
2155814
2163061
2170303
2177539
2184771
2191997
2199218
2206434
2213645
2220851
2228051
2235246
2242436
2249620
2256800
2263974
2271142
2278306
2285464
2292616
2299763
2306905
2314041
2321172
2328298
2335417
2342532
2349641
2356744
2363842
2370934
2378021
2385102
2392178
2399247
2406312
2413370
2420423
2427470
2434512
2441547
2448577
2455602
2462620
2469633
2476640
2483641
2490636
2497625
2504609
2511586
2518558
2525523
2532483
2539437
2546385
2553327
2560263
2567192
2574116
2581034
2587945
2594851
2601750
2608644
2615531
2622412
2629287
2636155
2643018
2649874
2656724
2663568
2670405
2677237
2684062
2690880
2697692
2704498
2711298
2718091
2724878
2731658
2738432
2745200
2751961
2758715
2765463
2772205
2778940
2785668
2792390
2799106
2805814
2812517
2819212
2825901
2832583
2839259
2845928
2852590
2859246
2865894
2872536
2879172
2885800
2892422
2899037
2905645
2912246
2918841
2925428
2932009
2938583
2945149
2951709
2958262
2964808
2971347
2977879
2984404
2990922
2997433
3003937
3010434
3016924
3023406
3029882
3036350
3042812
3049266
3055713
3062152
3068585
3075010
3081428
3087839
3094243
3100639
3107028
3113410
3119784
3126151
3132511
3138863
3145208
3151545
3157875
3164198
3170513
3176821
3183121
3189414
3195699
3201977
3208247
3214510
3220765
3227013
3233253
3239485
3245710
3251927
3258136
3264338
3270532
3276718
3282897
3289068
3295231
3301387
3307534
3313674
3319806
3325930
3332047
3338156
3344256
3350349
3356434
3362511
3368580
3374642
3380695
3386740
3392778
3398807
3404829
3410842
3416847
3422845
3428834
3434815
3440788
3446753
3452710
3458659
3464600
3470532
3476457
3482373
3488281
3494181
3500072
3505955
3511831
3517697
3523556
3529406
3535248
3541082
3546907
3552724
3558532
3564333
3570124
3575908
3581683
3587449
3593207
3598957
3604698
3610431
3616155
3621871
3627578
3633277
3638967
3644648
3650321
3655986
3661641
3667289
3672927
3678557
3684178
3689791
3695395
3700990
3706576
3712154
3717723
3723283
3728835
3734377
3739911
3745437
3750953
3756460
3761959
3767449
3772930
3778402
3783865
3789319
3794765
3800201
3805629
3811047
3816457
3821857
3827249
3832631
3838005
3843369
3848725
3854071
3859409
3864737
3870056
3875366
3880667
3885959
3891242
3896515
3901780
3907035
3912281
3917517
3922745
3927963
3933172
3938372
3943563
3948744
3953916
3959079
3964232
3969376
3974511
3979636
3984752
3989859
3994956
4000044
4005122
4010191
4015251
4020301
4025342
4030373
4035394
4040407
4045409
4050402
4055386
4060360
4065325
4070280
4075225
4080161
4085087
4090004
4094911
4099808
4104696
4109574
4114442
4119301
4124149
4128989
4133818
4138638
4143448
4148249
4153039
4157820
4162591
4167352
4172104
4176845
4181577
4186299
4191011
4195713
4200406
4205088
4209761
4214423
4219076
4223719
4228352
4232975
4237588
4242191
4246784
4251367
4255940
4260503
4265056
4269599
4274131
4278654
4283167
4287670
4292162
4296645
4301117
4305579
4310032
4314474
4318905
4323327
4327739
4332140
4336531
4340912
4345283
4349643
4353993
4358333
4362663
4366983
4371292
4375591
4379879
4384158
4388426
4392683
4396931
4401168
4405394
4409611
4413817
4418012
4422197
4426372
4430536
4434690
4438833
4442966
4447089
4451201
4455303
4459394
4463474
4467544
4471604
4475653
4479692
4483720
4487737
4491744
4495740
4499726
4503701
4507666
4511620
4515563
4519496
4523418
4527329
4531230
4535120
4539000
4542868
4546727
4550574
4554411
4558237
4562052
4565856
4569650
4573433
4577205
4580967
4584717
4588457
4592186
4595905
4599612
4603309
4606995
4610670
4614334
4617987
4621629
4625261
4628882
4632491
4636090
4639678
4643255
4646821
4650376
4653921
4657454
4660976
4664488
4667988
4671477
4674956
4678423
4681879
4685325
4688759
4692182
4695595
4698996
4702386
4705765
4709133
4712490
4715836
4719171
4722494
4725807
4729108
4732399
4735678
4738946
4742203
4745448
4748683
4751906
4755118
4758319
4761509
4764688
4767855
4771011
4774156
4777290
4780412
4783524
4786624
4789712
4792790
4795856
4798911
4801954
4804986
4808007
4811017
4814015
4817002
4819978
4822942
4825895
4828837
4831767
4834686
4837594
4840490
4843374
4846248
4849110
4851960
4854799
4857627
4860443
4863248
4866041
4868823
4871594
4874353
4877100
4879836
4882561
4885274
4887976
4890666
4893344
4896011
4898667
4901311
4903943
4906564
4909174
4911771
4914358
4916932
4919496
4922047
4924587
4927116
4929632
4932138
4934631
4937113
4939583
4942042
4944489
4946925
4949349
4951761
4954161
4956550
4958928
4961293
4963647
4965989
4968320
4970639
4972946
4975241
4977525
4979797
4982057
4984306
4986542
4988768
4990981
4993183
4995372
4997551
4999717
5001872
5004014
5006145
5008265
5010372
5012468
5014552
5016624
5018684
5020733
5022769
5024794
5026807
5028808
5030798
5032775
5034741
5036695
5038637
5040567
5042485
5044392
5046286
5048169
5050039
5051898
5053745
5055581
5057404
5059215
5061014
5062802
5064578
5066341
5068093
5069833
5071561
5073277
5074981
5076673
5078353
5080021
5081677
5083322
5084954
5086574
5088183
5089779
5091363
5092936
5094496
5096045
5097581
5099106
5100618
5102119
5103607
5105084
5106548
5108001
5109441
5110870
5112286
5113690
5115083
5116463
5117831
5119187
5120531
5121864
5123184
5124492
5125788
5127071
5128343
5129603
5130851
5132086
5133310
5134521
5135721
5136908
5138083
5139246
5140397
5141536
5142663
5143778
5144880
5145971
5147049
5148115
5149169
5150212
5151241
5152259
5153265
5154258
5155240
5156209
5157166
5158111
5159044
5159965
5160874
5161770
5162654
5163527
5164387
5165235
5166070
5166894
5167705
5168504
5169292
5170066
5170829
5171580
5172318
5173044
5173758
5174460
5175150
5175828
5176493
5177146
5177787
5178416
5179033
5179637
5180229
5180809
5181377
5181933
5182476
5183008
5183527
5184034
5184528
5185011
5185481
5185939
5186385
5186819
5187240
5187650
5188047
5188432
5188804
5189165
5189513
5189849
5190173
5190484
5190784
5191071
5191346
5191609
5191859
5192097
5192324
5192537
5192739
5192929
5193106
5193271
5193423
5193564
5193692
5193808
5193912
5194004
5194083
5194151
5194206
5194248
5194279
5194297
5194304
5194297
5194279
5194248
5194206
5194151
5194083
5194004
5193912
5193808
5193692
5193564
5193423
5193271
5193106
5192929
5192739
5192537
5192324
5192097
5191859
5191609
5191346
5191071
5190784
5190484
5190173
5189849
5189513
5189165
5188804
5188432
5188047
5187650
5187240
5186819
5186385
5185939
5185481
5185011
5184528
5184034
5183527
5183008
5182476
5181933
5181377
5180809
5180229
5179637
5179033
5178416
5177787
5177146
5176493
5175828
5175150
5174460
5173758
5173044
5172318
5171580
5170829
5170066
5169292
5168504
5167705
5166894
5166070
5165235
5164387
5163527
5162654
5161770
5160874
5159965
5159044
5158111
5157166
5156209
5155240
5154258
5153265
5152259
5151241
5150212
5149169
5148115
5147049
5145971
5144880
5143778
5142663
5141536
5140397
5139246
5138083
5136908
5135721
5134521
5133310
5132086
5130851
5129603
5128343
5127071
5125788
5124492
5123184
5121864
5120531
5119187
5117831
5116463
5115083
5113690
5112286
5110870
5109441
5108001
5106548
5105084
5103607
5102119
5100618
5099106
5097581
5096045
5094496
5092936
5091363
5089779
5088183
5086574
5084954
5083322
5081677
5080021
5078353
5076673
5074981
5073277
5071561
5069833
5068093
5066341
5064578
5062802
5061014
5059215
5057404
5055581
5053745
5051898
5050039
5048169
5046286
5044392
5042485
5040567
5038637
5036695
5034741
5032775
5030798
5028808
5026807
5024794
5022769
5020733
5018684
5016624
5014552
5012468
5010372
5008265
5006145
5004014
5001872
4999717
4997551
4995372
4993183
4990981
4988768
4986542
4984306
4982057
4979797
4977525
4975241
4972946
4970639
4968320
4965989
4963647
4961293
4958928
4956550
4954161
4951761
4949349
4946925
4944489
4942042
4939583
4937113
4934631
4932138
4929632
4927116
4924587
4922047
4919496
4916932
4914358
4911771
4909174
4906564
4903943
4901311
4898667
4896011
4893344
4890666
4887976
4885274
4882561
4879836
4877100
4874353
4871594
4868823
4866041
4863248
4860443
4857627
4854799
4851960
4849110
4846248
4843374
4840490
4837594
4834686
4831767
4828837
4825895
4822942
4819978
4817002
4814015
4811017
4808007
4804986
4801954
4798911
4795856
4792790
4789712
4786624
4783524
4780412
4777290
4774156
4771011
4767855
4764688
4761509
4758319
4755118
4751906
4748683
4745448
4742203
4738946
4735678
4732399
4729108
4725807
4722494
4719171
4715836
4712490
4709133
4705765
4702386
4698996
4695595
4692182
4688759
4685325
4681879
4678423
4674956
4671477
4667988
4664488
4660976
4657454
4653921
4650376
4646821
4643255
4639678
4636090
4632491
4628882
4625261
4621629
4617987
4614334
4610670
4606995
4603309
4599612
4595905
4592186
4588457
4584717
4580967
4577205
4573433
4569650
4565856
4562052
4558237
4554411
4550574
4546727
4542868
4539000
4535120
4531230
4527329
4523418
4519496
4515563
4511620
4507666
4503701
4499726
4495740
4491744
4487737
4483720
4479692
4475653
4471604
4467544
4463474
4459394
4455303
4451201
4447089
4442966
4438833
4434690
4430536
4426372
4422197
4418012
4413817
4409611
4405394
4401168
4396931
4392683
4388426
4384158
4379879
4375591
4371292
4366983
4362663
4358333
4353993
4349643
4345283
4340912
4336531
4332140
4327739
4323327
4318905
4314474
4310032
4305579
4301117
4296645
4292162
4287670
4283167
4278654
4274131
4269599
4265056
4260503
4255940
4251367
4246784
4242191
4237588
4232975
4228352
4223719
4219076
4214423
4209761
4205088
4200406
4195713
4191011
4186299
4181577
4176845
4172104
4167352
4162591
4157820
4153039
4148249
4143448
4138638
4133818
4128989
4124149
4119301
4114442
4109574
4104696
4099808
4094911
4090004
4085087
4080161
4075225
4070280
4065325
4060360
4055386
4050402
4045409
4040407
4035394
4030373
4025342
4020301
4015251
4010191
4005122
4000044
3994956
3989859
3984752
3979636
3974511
3969376
3964232
3959079
3953916
3948744
3943563
3938372
3933172
3927963
3922745
3917517
3912281
3907035
3901780
3896515
3891242
3885959
3880667
3875366
3870056
3864737
3859409
3854071
3848725
3843369
3838005
3832631
3827249
3821857
3816457
3811047
3805629
3800201
3794765
3789319
3783865
3778402
3772930
3767449
3761959
3756460
3750953
3745437
3739911
3734377
3728835
3723283
3717723
3712154
3706576
3700990
3695395
3689791
3684178
3678557
3672927
3667289
3661641
3655986
3650321
3644648
3638967
3633277
3627578
3621871
3616155
3610431
3604698
3598957
3593207
3587449
3581683
3575908
3570124
3564333
3558532
3552724
3546907
3541082
3535248
3529406
3523556
3517697
3511831
3505955
3500072
3494181
3488281
3482373
3476457
3470532
3464600
3458659
3452710
3446753
3440788
3434815
3428834
3422845
3416847
3410842
3404829
3398807
3392778
3386740
3380695
3374642
3368580
3362511
3356434
3350349
3344256
3338156
3332047
3325930
3319806
3313674
3307534
3301387
3295231
3289068
3282897
3276718
3270532
3264338
3258136
3251927
3245710
3239485
3233253
3227013
3220765
3214510
3208247
3201977
3195699
3189414
3183121
3176821
3170513
3164198
3157875
3151545
3145208
3138863
3132511
3126151
3119784
3113410
3107028
3100639
3094243
3087839
3081428
3075010
3068585
3062152
3055713
3049266
3042812
3036350
3029882
3023406
3016924
3010434
3003937
2997433
2990922
2984404
2977879
2971347
2964808
2958262
2951709
2945149
2938583
2932009
2925428
2918841
2912246
2905645
2899037
2892422
2885800
2879172
2872536
2865894
2859246
2852590
2845928
2839259
2832583
2825901
2819212
2812517
2805814
2799106
2792390
2785668
2778940
2772205
2765463
2758715
2751961
2745200
2738432
2731658
2724878
2718091
2711298
2704498
2697692
2690880
2684062
2677237
2670405
2663568
2656724
2649874
2643018
2636155
2629287
2622412
2615531
2608644
2601750
2594851
2587945
2581034
2574116
2567192
2560263
2553327
2546385
2539437
2532483
2525523
2518558
2511586
2504609
2497625
2490636
2483641
2476640
2469633
2462620
2455602
2448577
2441547
2434512
2427470
2420423
2413370
2406312
2399247
2392178
2385102
2378021
2370934
2363842
2356744
2349641
2342532
2335417
2328298
2321172
2314041
2306905
2299763
2292616
2285464
2278306
2271142
2263974
2256800
2249620
2242436
2235246
2228051
2220851
2213645
2206434
2199218
2191997
2184771
2177539
2170303
2163061
2155814
2148563
2141306
2134044
2126777
2119505
2112228
2104946
2097659
2090367
2083071
2075769
2068463
2061151
2053835
2046514
2039188
2031857
2024522
2017182
2009837
2002487
1995133
1987774
1980410
1973041
1965668
1958291
1950908
1943521
1936130
1928734
1921333
1913928
1906519
1899105
1891686
1884263
1876836
1869404
1861967
1854527
1847082
1839633
1832179
1824721
1817259
1809792
1802321
1794846
1787367
1779883
1772396
1764904
1757408
1749908
1742404
1734895
1727383
1719866
1712346
1704821
1697293
1689760
1682224
1674683
1667139
1659590
1652038
1644482
1636922
1629358
1621790
1614219
1606643
1599064
1591481
1583895
1576304
1568710
1561112
1553511
1545906
1538297
1530685
1523069
1515449
1507826
1500200
1492570
1484936
1477299
1469658
1462014
1454366
1446715
1439061
1431403
1423742
1416078
1408410
1400739
1393064
1385387
1377706
1370021
1362334
1354643
1346950
1339253
1331552
1323849
1316143
1308433
1300721
1293005
1285286
1277565
1269840
1262112
1254382
1246648
1238912
1231172
1223430
1215685
1207936
1200186
1192432
1184675
1176916
1169154
1161389
1153621
1145851
1138078
1130302
1122524
1114743
1106959
1099173
1091384
1083593
1075799
1068002
1060204
1052402
1044598
1036792
1028983
1021172
1013358
1005542
997723
989903
982080
974254
966427
958597
950764
942930
935093
927254
919413
911570
903725
895877
888028
880176
872322
864466
856608
848749
840887
833023
825157
817289
809420
801548
793675
785799
777922
770043
762162
754280
746395
738509
730621
722732
714840
706947
699053
691156
683258
675359
667458
659555
651651
643745
635838
627929
620019
612107
604194
596279
588363
580446
572527
564607
556686
548763
540839
532914
524987
517059
509130
501200
493269
485336
477403
469468
461532
453595
445657
437718
429778
421836
413894
405951
398007
390062
382116
374169
366222
358273
350324
342373
334422
326471
318518
310565
302611
294656
286700
278744
270787
262830
254872
246913
238954
230994
223034
215073
207112
199150
191187
183225
175261
167298
159334
151369
143405
135440
127474
119508
111542
103576
95610
87643
79676
71709
63742
55774
47807
39839
31871
23903
15935
7967
0
-7967
-15935
-23903
-31871
-39839
-47807
-55774
-63742
-71709
-79676
-87643
-95610
-103576
-111542
-119508
-127474
-135440
-143405
-151369
-159334
-167298
-175261
-183225
-191187
-199150
-207112
-215073
-223034
-230994
-238954
-246913
-254872
-262830
-270787
-278744
-286700
-294656
-302611
-310565
-318518
-326471
-334422
-342373
-350324
-358273
-366222
-374169
-382116
-390062
-398007
-405951
-413894
-421836
-429778
-437718
-445657
-453595
-461532
-469468
-477403
-485336
-493269
-501200
-509130
-517059
-524987
-532914
-540839
-548763
-556686
-564607
-572527
-580446
-588363
-596279
-604194
-612107
-620019
-627929
-635838
-643745
-651651
-659555
-667458
-675359
-683258
-691156
-699053
-706947
-714840
-722732
-730621
-738509
-746395
-754280
-762162
-770043
-777922
-785799
-793675
-801548
-809420
-817289
-825157
-833023
-840887
-848749
-856608
-864466
-872322
-880176
-888028
-895877
-903725
-911570
-919413
-927254
-935093
-942930
-950764
-958597
-966427
-974254
-982080
-989903
-997723
-1005542
-1013358
-1021172
-1028983
-1036792
-1044598
-1052402
-1060204
-1068002
-1075799
-1083593
-1091384
-1099173
-1106959
-1114743
-1122524
-1130302
-1138078
-1145851
-1153621
-1161389
-1169154
-1176916
-1184675
-1192432
-1200186
-1207936
-1215685
-1223430
-1231172
-1238912
-1246648
-1254382
-1262112
-1269840
-1277565
-1285286
-1293005
-1300721
-1308433
-1316143
-1323849
-1331552
-1339253
-1346950
-1354643
-1362334
-1370021
-1377706
-1385387
-1393064
-1400739
-1408410
-1416078
-1423742
-1431403
-1439061
-1446715
-1454366
-1462014
-1469658
-1477299
-1484936
-1492570
-1500200
-1507826
-1515449
-1523069
-1530685
-1538297
-1545906
-1553511
-1561112
-1568710
-1576304
-1583895
-1591481
-1599064
-1606643
-1614219
-1621790
-1629358
-1636922
-1644482
-1652038
-1659590
-1667139
-1674683
-1682224
-1689760
-1697293
-1704821
-1712346
-1719866
-1727383
-1734895
-1742404
-1749908
-1757408
-1764904
-1772396
-1779883
-1787367
-1794846
-1802321
-1809792
-1817259
-1824721
-1832179
-1839633
-1847082
-1854527
-1861967
-1869404
-1876836
-1884263
-1891686
-1899105
-1906519
-1913928
-1921333
-1928734
-1936130
-1943521
-1950908
-1958291
-1965668
-1973041
-1980410
-1987774
-1995133
-2002487
-2009837
-2017182
-2024522
-2031857
-2039188
-2046514
-2053835
-2061151
-2068463
-2075769
-2083071
-2090367
-2097659
-2104946
-2112228
-2119505
-2126777
-2134044
-2141306
-2148563
-2155814
-2163061
-2170303
-2177539
-2184771
-2191997
-2199218
-2206434
-2213645
-2220851
-2228051
-2235246
-2242436
-2249620
-2256800
-2263974
-2271142
-2278306
-2285464
-2292616
-2299763
-2306905
-2314041
-2321172
-2328298
-2335417
-2342532
-2349641
-2356744
-2363842
-2370934
-2378021
-2385102
-2392178
-2399247
-2406312
-2413370
-2420423
-2427470
-2434512
-2441547
-2448577
-2455602
-2462620
-2469633
-2476640
-2483641
-2490636
-2497625
-2504609
-2511586
-2518558
-2525523
-2532483
-2539437
-2546385
-2553327
-2560263
-2567192
-2574116
-2581034
-2587945
-2594851
-2601750
-2608644
-2615531
-2622412
-2629287
-2636155
-2643018
-2649874
-2656724
-2663568
-2670405
-2677237
-2684062
-2690880
-2697692
-2704498
-2711298
-2718091
-2724878
-2731658
-2738432
-2745200
-2751961
-2758715
-2765463
-2772205
-2778940
-2785668
-2792390
-2799106
-2805814
-2812517
-2819212
-2825901
-2832583
-2839259
-2845928
-2852590
-2859246
-2865894
-2872536
-2879172
-2885800
-2892422
-2899037
-2905645
-2912246
-2918841
-2925428
-2932009
-2938583
-2945149
-2951709
-2958262
-2964808
-2971347
-2977879
-2984404
-2990922
-2997433
-3003937
-3010434
-3016924
-3023406
-3029882
-3036350
-3042812
-3049266
-3055713
-3062152
-3068585
-3075010
-3081428
-3087839
-3094243
-3100639
-3107028
-3113410
-3119784
-3126151
-3132511
-3138863
-3145208
-3151545
-3157875
-3164198
-3170513
-3176821
-3183121
-3189414
-3195699
-3201977
-3208247
-3214510
-3220765
-3227013
-3233253
-3239485
-3245710
-3251927
-3258136
-3264338
-3270532
-3276718
-3282897
-3289068
-3295231
-3301387
-3307534
-3313674
-3319806
-3325930
-3332047
-3338156
-3344256
-3350349
-3356434
-3362511
-3368580
-3374642
-3380695
-3386740
-3392778
-3398807
-3404829
-3410842
-3416847
-3422845
-3428834
-3434815
-3440788
-3446753
-3452710
-3458659
-3464600
-3470532
-3476457
-3482373
-3488281
-3494181
-3500072
-3505955
-3511831
-3517697
-3523556
-3529406
-3535248
-3541082
-3546907
-3552724
-3558532
-3564333
-3570124
-3575908
-3581683
-3587449
-3593207
-3598957
-3604698
-3610431
-3616155
-3621871
-3627578
-3633277
-3638967
-3644648
-3650321
-3655986
-3661641
-3667289
-3672927
-3678557
-3684178
-3689791
-3695395
-3700990
-3706576
-3712154
-3717723
-3723283
-3728835
-3734377
-3739911
-3745437
-3750953
-3756460
-3761959
-3767449
-3772930
-3778402
-3783865
-3789319
-3794765
-3800201
-3805629
-3811047
-3816457
-3821857
-3827249
-3832631
-3838005
-3843369
-3848725
-3854071
-3859409
-3864737
-3870056
-3875366
-3880667
-3885959
-3891242
-3896515
-3901780
-3907035
-3912281
-3917517
-3922745
-3927963
-3933172
-3938372
-3943563
-3948744
-3953916
-3959079
-3964232
-3969376
-3974511
-3979636
-3984752
-3989859
-3994956
-4000044
-4005122
-4010191
-4015251
-4020301
-4025342
-4030373
-4035394
-4040407
-4045409
-4050402
-4055386
-4060360
-4065325
-4070280
-4075225
-4080161
-4085087
-4090004
-4094911
-4099808
-4104696
-4109574
-4114442
-4119301
-4124149
-4128989
-4133818
-4138638
-4143448
-4148249
-4153039
-4157820
-4162591
-4167352
-4172104
-4176845
-4181577
-4186299
-4191011
-4195713
-4200406
-4205088
-4209761
-4214423
-4219076
-4223719
-4228352
-4232975
-4237588
-4242191
-4246784
-4251367
-4255940
-4260503
-4265056
-4269599
-4274131
-4278654
-4283167
-4287670
-4292162
-4296645
-4301117
-4305579
-4310032
-4314474
-4318905
-4323327
-4327739
-4332140
-4336531
-4340912
-4345283
-4349643
-4353993
-4358333
-4362663
-4366983
-4371292
-4375591
-4379879
-4384158
-4388426
-4392683
-4396931
-4401168
-4405394
-4409611
-4413817
-4418012
-4422197
-4426372
-4430536
-4434690
-4438833
-4442966
-4447089
-4451201
-4455303
-4459394
-4463474
-4467544
-4471604
-4475653
-4479692
-4483720
-4487737
-4491744
-4495740
-4499726
-4503701
-4507666
-4511620
-4515563
-4519496
-4523418
-4527329
-4531230
-4535120
-4539000
-4542868
-4546727
-4550574
-4554411
-4558237
-4562052
-4565856
-4569650
-4573433
-4577205
-4580967
-4584717
-4588457
-4592186
-4595905
-4599612
-4603309
-4606995
-4610670
-4614334
-4617987
-4621629
-4625261
-4628882
-4632491
-4636090
-4639678
-4643255
-4646821
-4650376
-4653921
-4657454
-4660976
-4664488
-4667988
-4671477
-4674956
-4678423
-4681879
-4685325
-4688759
-4692182
-4695595
-4698996
-4702386
-4705765
-4709133
-4712490
-4715836
-4719171
-4722494
-4725807
-4729108
-4732399
-4735678
-4738946
-4742203
-4745448
-4748683
-4751906
-4755118
-4758319
-4761509
-4764688
-4767855
-4771011
-4774156
-4777290
-4780412
-4783524
-4786624
-4789712
-4792790
-4795856
-4798911
-4801954
-4804986
-4808007
-4811017
-4814015
-4817002
-4819978
-4822942
-4825895
-4828837
-4831767
-4834686
-4837594
-4840490
-4843374
-4846248
-4849110
-4851960
-4854799
-4857627
-4860443
-4863248
-4866041
-4868823
-4871594
-4874353
-4877100
-4879836
-4882561
-4885274
-4887976
-4890666
-4893344
-4896011
-4898667
-4901311
-4903943
-4906564
-4909174
-4911771
-4914358
-4916932
-4919496
-4922047
-4924587
-4927116
-4929632
-4932138
-4934631
-4937113
-4939583
-4942042
-4944489
-4946925
-4949349
-4951761
-4954161
-4956550
-4958928
-4961293
-4963647
-4965989
-4968320
-4970639
-4972946
-4975241
-4977525
-4979797
-4982057
-4984306
-4986542
-4988768
-4990981
-4993183
-4995372
-4997551
-4999717
-5001872
-5004014
-5006145
-5008265
-5010372
-5012468
-5014552
-5016624
-5018684
-5020733
-5022769
-5024794
-5026807
-5028808
-5030798
-5032775
-5034741
-5036695
-5038637
-5040567
-5042485
-5044392
-5046286
-5048169
-5050039
-5051898
-5053745
-5055581
-5057404
-5059215
-5061014
-5062802
-5064578
-5066341
-5068093
-5069833
-5071561
-5073277
-5074981
-5076673
-5078353
-5080021
-5081677
-5083322
-5084954
-5086574
-5088183
-5089779
-5091363
-5092936
-5094496
-5096045
-5097581
-5099106
-5100618
-5102119
-5103607
-5105084
-5106548
-5108001
-5109441
-5110870
-5112286
-5113690
-5115083
-5116463
-5117831
-5119187
-5120531
-5121864
-5123184
-5124492
-5125788
-5127071
-5128343
-5129603
-5130851
-5132086
-5133310
-5134521
-5135721
-5136908
-5138083
-5139246
-5140397
-5141536
-5142663
-5143778
-5144880
-5145971
-5147049
-5148115
-5149169
-5150212
-5151241
-5152259
-5153265
-5154258
-5155240
-5156209
-5157166
-5158111
-5159044
-5159965
-5160874
-5161770
-5162654
-5163527
-5164387
-5165235
-5166070
-5166894
-5167705
-5168504
-5169292
-5170066
-5170829
-5171580
-5172318
-5173044
-5173758
-5174460
-5175150
-5175828
-5176493
-5177146
-5177787
-5178416
-5179033
-5179637
-5180229
-5180809
-5181377
-5181933
-5182476
-5183008
-5183527
-5184034
-5184528
-5185011
-5185481
-5185939
-5186385
-5186819
-5187240
-5187650
-5188047
-5188432
-5188804
-5189165
-5189513
-5189849
-5190173
-5190484
-5190784
-5191071
-5191346
-5191609
-5191859
-5192097
-5192324
-5192537
-5192739
-5192929
-5193106
-5193271
-5193423
-5193564
-5193692
-5193808
-5193912
-5194004
-5194083
-5194151
-5194206
-5194248
-5194279
-5194297
-5194304
-5194297
-5194279
-5194248
-5194206
-5194151
-5194083
-5194004
-5193912
-5193808
-5193692
-5193564
-5193423
-5193271
-5193106
-5192929
-5192739
-5192537
-5192324
-5192097
-5191859
-5191609
-5191346
-5191071
-5190784
-5190484
-5190173
-5189849
-5189513
-5189165
-5188804
-5188432
-5188047
-5187650
-5187240
-5186819
-5186385
-5185939
-5185481
-5185011
-5184528
-5184034
-5183527
-5183008
-5182476
-5181933
-5181377
-5180809
-5180229
-5179637
-5179033
-5178416
-5177787
-5177146
-5176493
-5175828
-5175150
-5174460
-5173758
-5173044
-5172318
-5171580
-5170829
-5170066
-5169292
-5168504
-5167705
-5166894
-5166070
-5165235
-5164387
-5163527
-5162654
-5161770
-5160874
-5159965
-5159044
-5158111
-5157166
-5156209
-5155240
-5154258
-5153265
-5152259
-5151241
-5150212
-5149169
-5148115
-5147049
-5145971
-5144880
-5143778
-5142663
-5141536
-5140397
-5139246
-5138083
-5136908
-5135721
-5134521
-5133310
-5132086
-5130851
-5129603
-5128343
-5127071
-5125788
-5124492
-5123184
-5121864
-5120531
-5119187
-5117831
-5116463
-5115083
-5113690
-5112286
-5110870
-5109441
-5108001
-5106548
-5105084
-5103607
-5102119
-5100618
-5099106
-5097581
-5096045
-5094496
-5092936
-5091363
-5089779
-5088183
-5086574
-5084954
-5083322
-5081677
-5080021
-5078353
-5076673
-5074981
-5073277
-5071561
-5069833
-5068093
-5066341
-5064578
-5062802
-5061014
-5059215
-5057404
-5055581
-5053745
-5051898
-5050039
-5048169
-5046286
-5044392
-5042485
-5040567
-5038637
-5036695
-5034741
-5032775
-5030798
-5028808
-5026807
-5024794
-5022769
-5020733
-5018684
-5016624
-5014552
-5012468
-5010372
-5008265
-5006145
-5004014
-5001872
-4999717
-4997551
-4995372
-4993183
-4990981
-4988768
-4986542
-4984306
-4982057
-4979797
-4977525
-4975241
-4972946
-4970639
-4968320
-4965989
-4963647
-4961293
-4958928
-4956550
-4954161
-4951761
-4949349
-4946925
-4944489
-4942042
-4939583
-4937113
-4934631
-4932138
-4929632
-4927116
-4924587
-4922047
-4919496
-4916932
-4914358
-4911771
-4909174
-4906564
-4903943
-4901311
-4898667
-4896011
-4893344
-4890666
-4887976
-4885274
-4882561
-4879836
-4877100
-4874353
-4871594
-4868823
-4866041
-4863248
-4860443
-4857627
-4854799
-4851960
-4849110
-4846248
-4843374
-4840490
-4837594
-4834686
-4831767
-4828837
-4825895
-4822942
-4819978
-4817002
-4814015
-4811017
-4808007
-4804986
-4801954
-4798911
-4795856
-4792790
-4789712
-4786624
-4783524
-4780412
-4777290
-4774156
-4771011
-4767855
-4764688
-4761509
-4758319
-4755118
-4751906
-4748683
-4745448
-4742203
-4738946
-4735678
-4732399
-4729108
-4725807
-4722494
-4719171
-4715836
-4712490
-4709133
-4705765
-4702386
-4698996
-4695595
-4692182
-4688759
-4685325
-4681879
-4678423
-4674956
-4671477
-4667988
-4664488
-4660976
-4657454
-4653921
-4650376
-4646821
-4643255
-4639678
-4636090
-4632491
-4628882
-4625261
-4621629
-4617987
-4614334
-4610670
-4606995
-4603309
-4599612
-4595905
-4592186
-4588457
-4584717
-4580967
-4577205
-4573433
-4569650
-4565856
-4562052
-4558237
-4554411
-4550574
-4546727
-4542868
-4539000
-4535120
-4531230
-4527329
-4523418
-4519496
-4515563
-4511620
-4507666
-4503701
-4499726
-4495740
-4491744
-4487737
-4483720
-4479692
-4475653
-4471604
-4467544
-4463474
-4459394
-4455303
-4451201
-4447089
-4442966
-4438833
-4434690
-4430536
-4426372
-4422197
-4418012
-4413817
-4409611
-4405394
-4401168
-4396931
-4392683
-4388426
-4384158
-4379879
-4375591
-4371292
-4366983
-4362663
-4358333
-4353993
-4349643
-4345283
-4340912
-4336531
-4332140
-4327739
-4323327
-4318905
-4314474
-4310032
-4305579
-4301117
-4296645
-4292162
-4287670
-4283167
-4278654
-4274131
-4269599
-4265056
-4260503
-4255940
-4251367
-4246784
-4242191
-4237588
-4232975
-4228352
-4223719
-4219076
-4214423
-4209761
-4205088
-4200406
-4195713
-4191011
-4186299
-4181577
-4176845
-4172104
-4167352
-4162591
-4157820
-4153039
-4148249
-4143448
-4138638
-4133818
-4128989
-4124149
-4119301
-4114442
-4109574
-4104696
-4099808
-4094911
-4090004
-4085087
-4080161
-4075225
-4070280
-4065325
-4060360
-4055386
-4050402
-4045409
-4040407
-4035394
-4030373
-4025342
-4020301
-4015251
-4010191
-4005122
-4000044
-3994956
-3989859
-3984752
-3979636
-3974511
-3969376
-3964232
-3959079
-3953916
-3948744
-3943563
-3938372
-3933172
-3927963
-3922745
-3917517
-3912281
-3907035
-3901780
-3896515
-3891242
-3885959
-3880667
-3875366
-3870056
-3864737
-3859409
-3854071
-3848725
-3843369
-3838005
-3832631
-3827249
-3821857
-3816457
-3811047
-3805629
-3800201
-3794765
-3789319
-3783865
-3778402
-3772930
-3767449
-3761959
-3756460
-3750953
-3745437
-3739911
-3734377
-3728835
-3723283
-3717723
-3712154
-3706576
-3700990
-3695395
-3689791
-3684178
-3678557
-3672927
-3667289
-3661641
-3655986
-3650321
-3644648
-3638967
-3633277
-3627578
-3621871
-3616155
-3610431
-3604698
-3598957
-3593207
-3587449
-3581683
-3575908
-3570124
-3564333
-3558532
-3552724
-3546907
-3541082
-3535248
-3529406
-3523556
-3517697
-3511831
-3505955
-3500072
-3494181
-3488281
-3482373
-3476457
-3470532
-3464600
-3458659
-3452710
-3446753
-3440788
-3434815
-3428834
-3422845
-3416847
-3410842
-3404829
-3398807
-3392778
-3386740
-3380695
-3374642
-3368580
-3362511
-3356434
-3350349
-3344256
-3338156
-3332047
-3325930
-3319806
-3313674
-3307534
-3301387
-3295231
-3289068
-3282897
-3276718
-3270532
-3264338
-3258136
-3251927
-3245710
-3239485
-3233253
-3227013
-3220765
-3214510
-3208247
-3201977
-3195699
-3189414
-3183121
-3176821
-3170513
-3164198
-3157875
-3151545
-3145208
-3138863
-3132511
-3126151
-3119784
-3113410
-3107028
-3100639
-3094243
-3087839
-3081428
-3075010
-3068585
-3062152
-3055713
-3049266
-3042812
-3036350
-3029882
-3023406
-3016924
-3010434
-3003937
-2997433
-2990922
-2984404
-2977879
-2971347
-2964808
-2958262
-2951709
-2945149
-2938583
-2932009
-2925428
-2918841
-2912246
-2905645
-2899037
-2892422
-2885800
-2879172
-2872536
-2865894
-2859246
-2852590
-2845928
-2839259
-2832583
-2825901
-2819212
-2812517
-2805814
-2799106
-2792390
-2785668
-2778940
-2772205
-2765463
-2758715
-2751961
-2745200
-2738432
-2731658
-2724878
-2718091
-2711298
-2704498
-2697692
-2690880
-2684062
-2677237
-2670405
-2663568
-2656724
-2649874
-2643018
-2636155
-2629287
-2622412
-2615531
-2608644
-2601750
-2594851
-2587945
-2581034
-2574116
-2567192
-2560263
-2553327
-2546385
-2539437
-2532483
-2525523
-2518558
-2511586
-2504609
-2497625
-2490636
-2483641
-2476640
-2469633
-2462620
-2455602
-2448577
-2441547
-2434512
-2427470
-2420423
-2413370
-2406312
-2399247
-2392178
-2385102
-2378021
-2370934
-2363842
-2356744
-2349641
-2342532
-2335417
-2328298
-2321172
-2314041
-2306905
-2299763
-2292616
-2285464
-2278306
-2271142
-2263974
-2256800
-2249620
-2242436
-2235246
-2228051
-2220851
-2213645
-2206434
-2199218
-2191997
-2184771
-2177539
-2170303
-2163061
-2155814
-2148563
-2141306
-2134044
-2126777
-2119505
-2112228
-2104946
-2097659
-2090367
-2083071
-2075769
-2068463
-2061151
-2053835
-2046514
-2039188
-2031857
-2024522
-2017182
-2009837
-2002487
-1995133
-1987774
-1980410
-1973041
-1965668
-1958291
-1950908
-1943521
-1936130
-1928734
-1921333
-1913928
-1906519
-1899105
-1891686
-1884263
-1876836
-1869404
-1861967
-1854527
-1847082
-1839633
-1832179
-1824721
-1817259
-1809792
-1802321
-1794846
-1787367
-1779883
-1772396
-1764904
-1757408
-1749908
-1742404
-1734895
-1727383
-1719866
-1712346
-1704821
-1697293
-1689760
-1682224
-1674683
-1667139
-1659590
-1652038
-1644482
-1636922
-1629358
-1621790
-1614219
-1606643
-1599064
-1591481
-1583895
-1576304
-1568710
-1561112
-1553511
-1545906
-1538297
-1530685
-1523069
-1515449
-1507826
-1500200
-1492570
-1484936
-1477299
-1469658
-1462014
-1454366
-1446715
-1439061
-1431403
-1423742
-1416078
-1408410
-1400739
-1393064
-1385387
-1377706
-1370021
-1362334
-1354643
-1346950
-1339253
-1331552
-1323849
-1316143
-1308433
-1300721
-1293005
-1285286
-1277565
-1269840
-1262112
-1254382
-1246648
-1238912
-1231172
-1223430
-1215685
-1207936
-1200186
-1192432
-1184675
-1176916
-1169154
-1161389
-1153621
-1145851
-1138078
-1130302
-1122524
-1114743
-1106959
-1099173
-1091384
-1083593
-1075799
-1068002
-1060204
-1052402
-1044598
-1036792
-1028983
-1021172
-1013358
-1005542
-997723
-989903
-982080
-974254
-966427
-958597
-950764
-942930
-935093
-927254
-919413
-911570
-903725
-895877
-888028
-880176
-872322
-864466
-856608
-848749
-840887
-833023
-825157
-817289
-809420
-801548
-793675
-785799
-777922
-770043
-762162
-754280
-746395
-738509
-730621
-722732
-714840
-706947
-699053
-691156
-683258
-675359
-667458
-659555
-651651
-643745
-635838
-627929
-620019
-612107
-604194
-596279
-588363
-580446
-572527
-564607
-556686
-548763
-540839
-532914
-524987
-517059
-509130
-501200
-493269
-485336
-477403
-469468
-461532
-453595
-445657
-437718
-429778
-421836
-413894
-405951
-398007
-390062
-382116
-374169
-366222
-358273
-350324
-342373
-334422
-326471
-318518
-310565
-302611
-294656
-286700
-278744
-270787
-262830
-254872
-246913
-238954
-230994
-223034
-215073
-207112
-199150
-191187
-183225
-175261
-167298
-159334
-151369
-143405
-135440
-127474
-119508
-111542
-103576
-95610
-87643
-79676
-71709
-63742
-55774
-47807
-39839
-31871
-23903
-15935
-7967
